
initial_position:
  position:
    x: -0.3775980100190723
    y: -1.2712544304301834
    z: 0.0
  orientation:
    x: 0.0
    y: 0.0
    z: -0.006400560459200603
    w: 0.9999795162031111
           
final_position:
  position:
    x: 5.292807317716526
    y: -1.8013832800490697
    z: 0.0
  orientation:
    x: 0.0
    y: 0.0
    z: -0.7043132675274536
    w: 0.7098893020639215
           